42 11 00 82 00 08 00 01 33 cc 02 00 00 00 00 00
42 11 00 82 00 08 00 01 33 cc 02 04 00 00 00 01
42 11 00 82 00 08 00 01 33 cc 02 08 00 00 00 00
42 11 00 82 00 08 00 01 33 cc 02 0c 00 00 00 0a
42 11 00 82 00 08 00 01 33 cc 02 10 00 00 00 06
42 11 00 82 00 08 00 01 33 cc 02 14 05 00 03 C0
42 11 00 82 00 08 00 01 33 cc 02 18 00 00 00 00
42 11 00 82 00 08 00 01 33 cc 02 1c 00 00 00 00 
42 11 00 82 00 08 00 01 33 cc 02 20 00 00 03 bf
42 11 00 82 00 08 00 01 33 cc 02 24 00 00 04 ff
42 11 00 82 00 08 00 01 33 cc 02 28 00 00 00 00
42 11 00 82 00 08 00 01 33 cc 02 2c 00 00 00 00
42 11 00 82 00 08 00 01 33 cc 02 30 00 00 00 00
42 11 00 82 00 08 00 01 33 cc 02 34 00 00 00 00
42 11 00 82 00 08 00 01 33 cc 02 38 00 00 00 64
42 11 00 82 00 08 00 01 33 cc 02 3c 00 00 00 20
42 11 00 82 00 08 00 01 33 cc 02 40 00 00 00 20
42 11 00 82 00 08 00 01 33 cc 02 44 00 00 00 20
42 11 00 82 00 08 00 01 33 cc 02 48 00 00 00 20
42 11 00 82 00 08 00 01 33 cc 02 4c 00 00 00 20
42 11 00 82 00 08 00 01 33 cc 02 50 00 00 00 00